1,USER AREA 32,Usagi,
2,1, 1,9,15, 0
3,all

5, 3,11,3, 0,0,0, 0.1,0, 100, 0,1, 2,2,2, 1
5, 5,11,5, 0,0,0, 0.2,0, 100, 0,1, 2,2,2, 1
5, 7,11,7, 0,0,0, 0.3,0, 100, 0,1, 2,2,2, 1
5, 9,11,9, 0,0,0, 0.4,0, 100, 0,1, 2,2,2, 1
5, 11,11,11, 0,0,0, 0.5,0, 100, 0,1, 2,2,2, 1
5, 13,11,13, 0,0,0, 0.6,0, 100, 0,1, 2,2,2, 1


5, -8,0,8, 0,0,0, 0,0, 0, 0,0, 16,16,16, 1
5, -3,9,15, 0,0,0, 0,0, 100, 0,1, 2,2,2, 2
6, 0,3,7, 1,1,1, 0,1, 1
6, 0,-1,0, 8,1,8, 0,1, 1

4, 0,7,-1
4, 2,7,-1
4, 4,7,-1
4, 6,7,-1
4, 8,7,-1
4, 1,6,-1
4, 3,6,-1
4, 5,6,-1
4, 7,6,-1
4, 0,5,-1
4, 2,5,-1
4, 4,5,-1
4, 6,5,-1
4, 8,5,-1
4, 1,4,-1
4, 3,4,-1
4, 5,4,-1
4, 7,4,-1

4, 0,3,-1
4, 2,3,-1
4, 4,3,-1
4, 6,3,-1
4, 8,3,-1
4, 1,2,-1
4, 3,2,-1
4, 5,2,-1
4, 7,2,-1
4, 0,1,-1
4, 2,1,-1
4, 4,1,-1
4, 6,1,-1
4, 8,1,-1
4, 1,0,-1
4, 3,0,-1
4, 5,0,-1
4, 7,0,-1

4, 1,1,8
4, 3,1,8
4, 5,1,8
4, 7,1,8

4, 8,0,0
4, 8,0,2
4, 8,0,4
4, 8,0,6
