1,DOMINO keep 33,Usagi,
2,1, 1,5,19, 0
3,all

0, 6 move damping, 7 rotate damping, 8 weight, 9 fric, 10 pong, 11 size

5, 1,7,19, 0,0,0, 0,0, 100, 0,0, 2,2,2, 2
6, 0,1,9, 1,1,1, 0,1, 1

6, 0,-1,-8, 16,1,16, 0,0, 1

0, 5, 7,4,-15, 0, -0.7854, 0, 0,0, 100, 0,0, 4,8,2, 1
5, 5,4,-11, 0, -0.7854, 0, 0,0, 100, 0,0, 4,8,2, 1
5, 3,4,-7, 0, -0.7854, 0, 0,0, 100, 0,0, 4,8,2, 1
5, 1,4,-3, 0, -0.5236,0, 0,0, 100, 0,0, 4,8,2, 1
5, 1,4,1, 0,0,0, 0,0, 100, 0,0, 2,8,2, 1
5, 1,4,5, 0,0,0, 0,0, 100, 0,0, 2,8,2, 1
5, 1,4,9, 0,0,0, 0,0, 100, 0,0, 2,8,2, 1
5, 1,4,13, 0,0,0, 0,0, 100, 0,0, 2,8,2, 1

5, 9,4,-14, 0, 0.5236, 0, 0,0, 100, 0,1, 2,8,4, 1
5, 13,4,-14, 0, 0.5236, 0, 0,0, 100, 0,1, 2,8,4, 1
0, 5, 15,4,-14, 0, 0, 0, 0,0, 100, 0,1, 2,8,4, 1
5, 19,4,-14, 0, 0, 0, 0,0, 100, 0,1, 2,8,4, 1
