1,BRIDGE,Usagi,
2,1, 1,7,15, 0, -1, 1,1,1, 15,15,15
3,all

5, 3,5,-5, 0,0,0, 0,0, 100, 0,0, 2,2,2, 2
5, 3,3,-5, 0,0,0, 0,0, 0, 0,0, 2,2,2, 1

5, 1,5,1, 0,0,0, 0.0625, 0, 0, 0,0, 2,2,2, 7
5, 1,5,3, 0,0,0, 0.125, 0, 0, 0,0, 2,2,2, 7
5, 1,5,5, 0,0,0, 0.0625, 0, 0, 0,0, 2,2,2, 7
5, 1,5,7, 0,0,0, 0.03125, 0, 0, 0, 0, 2,2,2, 7
5, 1,5,9, 0,0,0, 0.03125, 0, 0, 0, 0, 2,2,2, 7
5, 1,5,11, 0,0,0, 0.03125, 0,0, 0, 0, 2,2,2, 7
5, 1,5,13, 0,0,0, 0.03125, 0,0, 0,0, 2,2,2, 7

6, 0,2,7, 1,1,1, 0,0, 1

4, 0,4,4
4, 0,6,4
4, 0,8,4
4, 1,5,4
4, 1,7,4
4, 1,9,4
4, 2,4,4
4, 2,6,4
4, 2,8,4

0, 6, 0,7,4, 3,3,1, 0,0, 1

