1,USER AREA 39,Usagi,
2,1, 1,7,17, 0
3,all

6, 0,2,8, 1,1,1, 0,0, 1

0,6, 0,1,0, 1,1,1, 0,0, 1
0,6, 1,2,0, 1,1,1, 0,0, 1
0,6, 2,3,0, 1,1,1, 0,0, 1
0,6, 3,4,0, 1,1,1, 0,0, 1
0,6, 4,5,0, 1,1,1, 0,0, 1
0,6, 5,6,0, 1,1,1, 0,0, 1
0,6, 6,7,0, 1,1,1, 0,0, 1
0,6, 7,8,0, 1,1,1, 0,0, 1

5, 3,17,1, 0,0,0, 0,0, 100, 0,0, 2,2,2, 2
5, 13,17,1, 0,0,0, 0,0, 100, 0,0, 2,2,2, 2

6, 0,2,0, 1,8,1, 0,0, 1
6, 1,7,0, 1,1,1, 0,0, 1
6, 2,5,0, 1,1,1, 0,0, 1
6, 3,3,0, 2,1,1, 0,0, 1
6, 5,5,0, 1,1,1, 0,0, 1
6, 6,7,0, 1,1,1, 0,0, 1
6, 7,2,0, 1,8,1, 0,0, 1

0, 5, 3,4,7, 0,0,0, 0,1, 100, 0,1, 2,4,2, 1

6, 0,0,0, 8,1,8, 0,0, 1
