1,USER AREA 51,Usagi,
2,1, 1,9,15, 0
3,all

5, 7,11,7, 0,0,0, 0,0, 100, 0,1.1, 2,2,2, 1
5, 9,11,7, 0,0,0, 0,0, 100, 0,1.1, 2,2,2, 1
5, 7,11,9, 0,0,0, 0,0, 100, 0,1.1, 2,2,2, 1
5, 9,11,9, 0,0,0, 0,0, 100, 0,1.1, 2,2,2, 1

5, 6,8,6, 0,0,0, 0,0, 100, 0,1, 4,4,4, 1
5, 10,8,6, 0,0,0, 0,0, 100, 0,1, 4,4,4, 1
5, 6,8,10, 0,0,0, 0,0, 100, 0,1, 4,4,4, 1
5, 10,8,10, 0,0,0, 0,0, 100, 0,1, 4,4,4, 1

5, 5,3,5, 0,0,0, 0,0, 100, 0,1.2, 6,6,6, 1
5, 11,3,5, 0,0,0, 0,0, 100, 0,1.2, 6,6,6, 1
5, 5,3,11, 0,0,0, 0,0, 100, 0,1.2, 6,6,6, 1
5, 11,3,11, 0,0,0, 0,0, 100, 0,1.2, 6,6,6, 1

5, -8,0,8, 0,0,0, 0,0, 0, 0,0, 16,16,16, 1
5, -3,9,15, 0,0,0, 0,0, 100, 0,1, 2,2,2, 2
6, 0,3,7, 1,1,1, 0,1, 1
6, 0,-8,0, 8,8,8, 0,1, 1

4, 0,7,-1
